40	0.2645	0.0093	0.0056
890	0.3086	0.0295	0.0458
1190	0.3501	0.0433	0.0923
1410	0.4019	0.0580	0.1482
1560	0.4570	0.0724	0.2050
1660	0.5006	0.0839	0.2541
1742	0.5502	0.0964	0.3076
1823	0.6007	0.1098	0.3674
1883	0.6488	0.1222	0.4231
1956	0.7014	0.1369	0.4902
1999	0.7460	0.1487	0.5490
2046	0.8006	0.1637	0.6208
2100	0.8537	0.1786	0.6978
2140	0.9000	0.1915	0.7608
2190	0.9528	0.2071	0.8451
2200	1.0226	0.2231	0.9158
2212	1.0300	0.2257	0.9324
2221	1.0406	0.2289	0.9502
2223	1.0427	0.2297	0.9540
2225	1.0443	0.2303	0.9572
2227	1.0458	0.2307	0.9604
2229	1.0474	0.2313	0.9636
2231	1.0487	0.2317	0.9667
2233	1.0500	0.2322	0.9698
2235	1.0515	0.2328	0.9729
2237	1.0527	0.2332	0.9763
2239	1.0541	0.2337	0.9788
2241	1.0553	0.2342	0.9819
2243	1.0566	0.2346	0.9851
2245	1.0580	0.2350	0.9880
2250	1.0585	0.2357	0.9927
2255	1.0625	0.2370	1.0012
2260	1.0630	0.2376	1.0077
2265	1.0635	0.2380	1.0111
2270	1.0472	

